10 10
526.898 -81.8896 -47.1515 16.0539 37.0645 64.1806 -43.1729 -81.8496 75.1129 -48.4917 
6.54925 295.494 -35.7524 10.8409 49.6449 11.9638 18.8841 -44.6685 88.7994 8.99927 
0.233429 -65.9775 405.238 -36.1809 11.7406 -9.84783 129.977 7.93658 44.0839 68.4712 
73.6896 65.9594 -22.3035 419.017 -16.945 17.1405 41.3896 71.0125 -20.6236 36.4669 
6.96884 -34.9278 -71.2275 97.3665 452.564 70.161 -2.43051 -11.8662 52.5526 71.5649 
4.82369 12.9515 -50.3166 -70.0037 -73.262 393.507 62.9539 72.764 -0.694653 38.3894 
22.0228 30.1928 60.9141 -21.5462 75.7933 70.7644 412.075 7.87667 -42.7095 41.2193 
34.2734 24.3954 57.1431 -11.8648 62.7372 9.97485 91.2438 451.123 -35.8212 -60.4154 
31.9129 10.0705 -24.864 -25.1601 1.5186 8.07824 9.06872 -28.3546 293.754 46.6962 
-14.6458 0.783373 -90.6931 63.4069 -99.176 29.183 -72.7537 108.151 121.304 618.042 
