 1210.8233  -52.5267  -72.8864   44.0322  -40.3715  -40.0555  107.8028   -6.3370   87.6625   82.8557    5.7782   24.8675   21.0756  -49.0350  -72.2856   10.1127  -86.6330  -97.6031  -63.7136   -6.3828   40.7735  -51.2811  -53.9660    0.0000    0.0000
  -11.4668  926.6664  -76.8984  -46.9299  -14.2549  -59.4873   -6.5742    2.4441   36.4918   41.2104  -10.0318   14.2041  -73.7513   17.9176   26.2793  -45.2583  -12.6156  -27.1168   -0.1459  -57.4526  -86.7487   70.3623   86.7854    0.0000    0.0000
  -13.1686  -48.1410 1033.6961  -68.0085   38.4326  -62.6990   13.3270  -50.6474  -45.9657    5.5518   22.1820  -69.7005  128.5878   -0.5215   10.7258   99.2765  -47.6360   31.2216   -3.7899  -33.5684   57.2614   20.1791  -34.7811    0.0000    0.0000
  -51.5475  -60.4798  114.7619  950.5604   33.7908   31.5856   56.4039    4.5229  -16.6471   19.3257   56.8436  -23.8791  -28.7027  -54.6222   36.7864  -19.9133  -30.8399  -28.2550   18.1848   29.3439   -8.2532  -16.3150  -83.7940    0.0000    0.0000
  -34.1526  -41.3614  -60.5025  -57.6098  859.8092  -31.7818   66.7429  -35.8859   -3.7919   73.9959  -17.2648   58.6448  -21.0419   41.4412    3.2694  -10.5579   -9.5995   39.1204   16.7376  -14.1320   -9.0299   91.8430   -5.8652    0.0000    0.0000
  -26.5176  -32.3729   80.6448  -43.6785  -45.1906 1114.9729  -31.5251   34.2266   -9.6610  -37.8377    8.6627   -9.3123  -63.0166   15.9465  -45.0848   60.5177    2.6314  -83.4135  -73.4047   24.8712   51.0435   64.1605   20.2884    0.0000    0.0000
  -21.3442   72.2596   30.8789    8.8950  112.7615   78.0968  982.7370   10.5499  165.9057    9.0329  -28.2215   71.6538    0.6429    0.9685   61.5307   25.7032  -40.1207  -39.1282  -17.0075   30.8554  -26.7245   -9.3671   19.4921    0.0000    0.0000
  -61.3499   17.6556  -30.7860  -49.8030    0.2609   63.1052  -70.2479  820.1344   22.5927    2.8154   60.4522   11.7716  -36.0684    8.9264   37.8004  -32.0022   21.1276  -57.8515  -70.6948  -22.5954   12.4406   49.5881  -21.5522    0.0000    0.0000
   61.7813  -43.6076   40.0005  -47.4235   68.0889  -25.6285   44.7834 -126.9857 1122.3617   56.4010   26.2919   10.7672  -68.7106   42.2114    5.6100    7.1120    8.1059   68.2935  -53.1142   54.7193   38.7612   17.8953  -83.6804    0.0000    0.0000
   -3.8267  -50.0079  -25.4113   -6.3422   -7.2874  -55.0640   -6.4686   34.3157   -3.9155 1014.4164  -59.3460  -58.9400   10.8469  132.5671   49.2330  -11.2818  -45.0169 -108.1564  -24.4709    0.7261   10.6927   86.0585   67.4830    0.0000    0.0000
  -61.7212   17.3399   -3.0162   38.5840    0.3821   19.9481  118.4763   27.9706  -59.5046    9.7216  885.8818  -27.0240   -3.1876   30.2529   89.4201   69.4496  -24.7064  -71.0079  -21.9526  -18.4101  -27.0723   -8.0124  -62.2659    0.0000    0.0000
   -5.5027   45.6045  -50.3533   -2.4446   13.8738   51.0480  -28.7554   89.1527   45.8727  -44.6596   84.3555 1201.8675  -59.2987  113.7447   -5.5916  -76.5617  -46.2928  -15.8029  -18.5055  -78.2372  -70.2243   -8.6030  -61.0534    0.0000    0.0000
  -25.7668  -73.5322  -12.3262   61.1101  -27.0111    7.3599  -12.6756  -17.1413  -69.5872   51.5969  -31.9497   11.8302  886.2171   25.1181  -56.9406    7.8545   18.8757   63.1119  -52.4340  -38.8235   69.3380  -36.3129  -10.3958    0.0000    0.0000
   40.3441  -22.1241   31.2129  -71.2002  -38.3011  -23.9364   37.5259  -15.1975  -62.6222   35.4053   25.9791   92.5071   52.5159 1184.4034  -30.7921   42.6575  -69.6666  120.1672  -58.5484   62.7290  -26.5756  -42.8712   70.2058    0.0000    0.0000
  -80.4302  -74.7860    8.2224   55.4284  -46.4714    4.9683  -25.1675   54.5627   10.6039   76.7246    3.0979   53.8732   28.2678  -21.5717  907.8716  -40.7783   -4.5119  -20.9852   34.4379  -11.6687  -93.9790    7.9137  -26.4715    0.0000    0.0000
  -21.4671 -125.3867   75.8317  -18.2696   24.3258  -64.0419   37.2754   -7.7347   56.8208    6.4454   54.7545   55.6891   15.0036  -31.8262   40.7155 1080.8567  -35.7117   19.4015   33.1303  -41.1136   33.3652  122.2943  -63.1990    0.0000    0.0000
  -27.7355  -20.8509   -7.0946   92.4720   35.1803   44.7143  -24.8515  -38.9011 -114.5697   43.6326   61.5996  -44.7432  -27.8459  -57.9590   55.4516  -64.7839 1050.1044   16.9100  -33.5327   24.9790  -26.3093  -20.0313    8.1701    0.0000    0.0000
  -33.7174   13.8541  -31.4719  -41.3153   11.7401   19.9152  -35.6852   39.9593  -64.8317  -87.0837  -66.4740  -10.0150  -29.7709   61.0108  100.2473   53.8009   61.0249  982.7033   30.1439    8.3081   -5.3942    7.6514  -85.8777    0.0000    0.0000
  -30.5109   88.7567   14.0119   70.3458  -14.5777   60.8932   76.3525  -24.9938   -6.9296   -3.7528   37.3722   72.0024  -82.4797   39.8178  -66.4144  -64.3970   16.0920  -19.2154 1025.5642    8.7762   52.3241  -47.3570   75.7237    0.0000    0.0000
    5.1618   27.5004   15.4968  -43.9570  -17.4182   38.1874   -7.6801   29.6834  -63.0958  101.8892    1.7100   67.3282   -9.5309   48.7377   22.2185  -33.0328   -7.0567   21.5545  -36.8413  937.6131   62.0699   12.5469  -59.5980    0.0000    0.0000
   10.4700  -47.1132  -65.4683   35.4595    0.7461   12.8221   54.9966  -53.4337   73.6258   -8.2261  -11.4147  104.2058   66.1381   53.2472   25.2924    9.2628   48.0682  -37.1826  -68.5268   11.1658 1045.8849   78.7670  -86.0476    0.0000    0.0000
   42.7542   54.8790   -2.5496  124.4292  -65.9209   43.5439  -16.4618   30.0067  -49.2297   18.0882   -8.8014   18.7268  -37.7892  -48.2197   24.4700   27.3458    7.6671   28.0792  -18.3067  -27.2233    7.2128  823.8342   33.4843    0.0000    0.0000
   22.5533    5.3732   43.6633   20.1248  -23.2817    3.3580   45.5410    7.2357  -44.5935  -47.9954   -8.3707  -98.6801   73.6140  -67.1768   11.4109  -21.1997  -29.9955  -14.6587  -75.8584  -38.7758    2.9674   -2.6490  779.7724    0.0000    0.0000
    0.0000    0.0000    0.0000    0.0000    0.0000    0.0000    0.0000    0.0000    0.0000    0.0000    0.0000    0.0000    0.0000    0.0000    0.0000    0.0000    0.0000    0.0000    0.0000    0.0000    0.0000    0.0000    0.0000    0.0000    0.0000
    0.0000    0.0000    0.0000    0.0000    0.0000    0.0000    0.0000    0.0000    0.0000    0.0000    0.0000    0.0000    0.0000    0.0000    0.0000    0.0000    0.0000    0.0000    0.0000    0.0000    0.0000    0.0000    0.0000    0.0000    0.0000
